concurrency x xstd y ystd ysteady ttftp50 accept n
1 814.4016 1.6564 767.4428 1.3477 773.0800 38.2677 4.7394 3
2 752.6287 1.7683 1408.3932 3.1120 1428.9487 39.8848 4.8075 3
4 650.1235 4.5880 2376.1766 18.5104 2456.3726 40.9360 4.7888 3
8 519.4178 2.9659 3651.3276 20.1165 3858.4275 43.3030 4.7305 3
16 369.8612 3.0402 5255.6433 44.6850 5404.2436 48.3706 4.6688 3
32 238.1857 0.9540 6844.1624 22.3798 6909.0614 58.5840 4.7304 3
48 173.8583 0.3605 7568.4186 15.2311 7464.0813 75.5619 4.7402 3
64 138.1033 1.5141 7917.2538 103.3079 7916.8837 84.1115 4.7248 3
96 97.7182 0.5814 8454.0801 41.0571 8368.6441 114.4537 4.7089 3
128 90.3962 0.3741 10546.3512 44.8824 10542.9115 168.1209 4.7002 3
