concurrency x xstd y ystd ysteady ttftp50 accept n
1 467.2341 0.0000 461.3549 0.0000 462.4345 42.2983 3.2667 1
2 436.5830 0.0000 855.4262 0.0000 863.3150 45.1565 3.2657 1
4 397.0152 0.0000 1540.7713 0.0000 1564.5556 45.9913 3.2673 1
8 341.8710 0.0000 2556.1671 0.0000 2658.9967 47.9052 3.2667 1
16 267.6835 0.0000 4045.2970 0.0000 4133.7848 50.4707 3.2501 1
32 196.8144 0.0000 5872.1363 0.0000 5998.9592 55.7074 3.2562 1
48 154.3013 0.0000 6979.6284 0.0000 6897.4233 71.1597 3.2627 1
64 126.9616 0.0000 7606.5798 0.0000 7543.1776 80.6603 3.2618 1
96 95.8636 0.0000 8653.0048 0.0000 8528.9532 88.2305 3.2552 1
128 78.3076 0.0000 9463.6512 0.0000 9329.9025 90.8171 3.2524 1
