concurrency x xstd y ystd ysteady ttftp50 accept n
1 461.2239 0.0000 455.9740 0.0000 456.9605 43.1457 3.2794 1
2 437.0478 0.0000 853.0761 0.0000 862.5185 46.3012 3.2576 1
4 407.6818 0.0000 1579.3360 0.0000 1606.8039 46.3785 3.2739 1
8 359.4209 0.0000 2681.9504 0.0000 2789.2596 47.8009 3.2722 1
16 294.4195 0.0000 4442.2487 0.0000 4547.0109 48.5228 3.2436 1
32 221.3786 2.3768 6556.4034 73.4370 6719.4881 51.9051 3.2587 3
48 180.0739 3.5083 8091.0551 153.4232 7986.3396 73.7802 3.2679 3
64 152.9476 1.9721 9033.1984 127.7438 9014.4255 77.7652 3.2624 3
96 118.8003 1.0854 10573.0121 109.5554 10427.7455 81.6818 3.2557 3
128 100.5591 0.5435 12002.6085 71.9092 11814.1737 72.9330 3.2561 3
