concurrency x xstd y ystd ysteady ttftp50 accept n
1 282.2873 0.4690 282.0054 0.4640 281.9941 34.0277 nan 3
2 273.3840 0.1634 546.2476 0.3216 546.2697 59.3505 nan 3
4 263.5730 0.4860 1053.3593 1.9250 1053.2803 62.4373 nan 3
8 250.5110 0.4748 2002.4733 3.7830 2002.1779 63.9835 nan 3
16 228.1178 0.3326 3646.3442 5.1745 3643.9885 67.2340 nan 3
32 194.9400 0.1320 6233.0746 4.1525 6233.4343 105.2759 nan 3
48 172.7597 0.1008 8286.1853 4.8215 8277.3401 108.4006 nan 3
64 154.8361 0.1251 9902.1288 7.9287 9883.2419 111.7728 nan 3
96 127.0002 0.2247 12182.7392 21.5005 12146.2269 136.9082 nan 3
128 108.7086 0.0920 13902.6659 11.5491 13844.2809 157.1107 nan 3
